24 8
24  0.0  0.0 0.6  0.8    2.0   2.5  4.0
8   0.05 0.6 1.0  2.0    2.5   4.0  4.7
0    0   0    0    0      0     0    0  
1    0   0    0    0      0     0    0  
2    0  -90  -90  -90   -55     0    0  
3    0  -90  -90  -90   -55     0    0  
4    15  40   40   40    40     0    0  
5    15 -40  -40  -40   -40     0    0  
6    0   50   50   50    50    30    0  
7    0   50   50   50    50    30    0  
8    0   0    0    0      0     0    0  
9    0   0    0    0      0     0    0  
10  -50 -18  -50  -50     0     0    0  
11   0   0   -50  -50     0     0    0  
12   0   0    0    0      0     0    0  
13   0   0    0    0      0     0    0  
14   0   30  -50  -50     0   -40    0  
15   0   30  -50  -50     0   -40    0  
16   0   0    0    0      0     0    0  
17   0   0    0    0      0     0    0  
18   0   0    0    0      0     0    0  
19   0   0    0    0      0     0    0  
20   0   0    0    0      0     0    0  
21   0   0    0    0      0     0    0  
