24 7
24 0   0.4   1.7   2.0   2.3    2.7 
7  0.4 1.7   2.0   2.3   2.7    3.0
0   0   0    0     0     0      0
1   0   0    0     0     0      0
2   0  -40  -40   -35   -20     0
3   0  -40  -40   -35   -20     0
4   0   0    0     0     0      0
5   0   0    0     0     0      0
6   0   100  100   100   60     20
7   0   100  100   100   60     20
8   0  -120 -90   -60   -30    -65 
9   0  -120 -90   -60   -30    -65
10  0   65   40    30    10     45
11  0   65   40    30    10     45
12  0  -23  -23   -18   -10     0
13  0   23   23    18    10     0
14  0  -30  -30   -40    0      0
15  0  -30  -30   -40    0      0
16  90   0    0     0     0      0
17 -90   0    0     0     0      0
18  0   0    0     0     0      0
19  0   0    0     0     0      0
20  0   0    0     0     0      0
21  0   0    0     0     0      0
